#class tools::wcsv::ntuple
#title Hits
#separator 44
#vector_separator 59
#column int fEvent
#column double fX
#column double fY
#column double fZ
0,1255,-1145,3900
0,-2145,-1145,3900
0,855,-3445,3900
0,-945,-345,3900
0,3355,-1045,3900
0,55,-2245,3900
0,455,-2845,3900
0,-3745,-545,3900
0,-1145,-2545,3900
0,1055,-445,3900
0,-1845,-3645,3900
0,-845,2155,3900
0,-445,-1945,3900
0,-1045,855,3900
0,455,1355,3900
0,-945,1655,3900
0,255,2955,3900
0,-3845,-845,3900
0,3255,2355,3900
0,2855,-445,3900
0,1655,755,3900
0,-1345,155,3900
0,1455,-3145,3900
0,755,-45,3900
0,1555,-3945,3900
0,3055,-3445,3900
0,2855,55,3900
0,-1245,-1445,3900
0,3655,1955,3900
0,1155,-2345,3900
0,1655,-245,3900
0,2855,2955,3900
0,755,-845,3900
0,-845,955,3900
0,255,2355,3900
0,-1745,-1245,3900
0,555,-2145,3900
0,-345,-545,3900
0,1455,-3545,3900
0,755,-2545,3900
0,3055,-2045,3900
0,3255,2655,3900
0,255,-2845,3900
0,-1345,2055,3900
0,1055,-3045,3900
0,-845,1155,3900
0,355,355,3900
0,855,-745,3900
0,-2045,1855,3900
0,3155,-245,3900
0,-945,1655,3900
0,-1045,1355,3900
0,2455,55,3900
0,-345,255,3900
0,1155,1255,3900
0,-3745,-1945,3900
0,2655,-1045,3900
0,-3945,2355,3900
0,255,-1145,3900
0,2755,1455,3900
0,-3145,3955,3900
0,-1245,755,3900
0,-1945,-145,3900
0,1455,1355,3900
0,655,-1245,3900
0,-345,-145,3900
0,355,755,3900
0,655,2155,3900
0,3455,-445,3900
0,2255,-1545,3900
0,1155,-745,3900
0,655,-3345,3900
0,3155,-1745,3900
0,-1245,-245,3900
0,-2145,-3445,3900
0,755,-2445,3900
0,-945,-1945,3900
0,-345,-1745,3900
0,1155,2955,3900
0,-2245,-1245,3900
0,1655,-1845,3900
0,555,3255,3900
0,3255,3355,3900
0,2655,-1745,3900
0,-745,-1645,3900
0,-245,-1545,3900
0,655,3255,3900
0,-445,755,3900
0,-1145,1155,3900
0,-1745,-1545,3900
0,355,-745,3900
0,355,855,3900
0,2355,2155,3900
0,155,2855,3900
0,-845,-1845,3900
0,-3845,1155,3900
0,-445,1655,3900
0,1355,-1345,3900
0,-345,-45,3900
0,1855,1455,3900
0,-2745,2855,3900
0,-2545,-2045,3900
0,-1545,-2445,3900
0,855,255,3900
0,755,-1145,3900
0,1255,-1045,3900
0,1855,555,3900
0,2755,1055,3900
0,355,-3545,3900
0,1955,2455,3900
0,-1545,255,3900
0,3055,-845,3900
0,-3145,-3945,3900
0,-2045,2055,3900
0,255,-3045,3900
0,-2545,2655,3900
0,2955,-445,3900
0,1155,-3545,3900
0,-2345,455,3900
0,-1245,-1545,3900
0,455,-245,3900
0,-545,-2045,3900
0,1655,1055,3900
0,-445,-1045,3900
0,-2845,55,3900
0,355,-445,3900
0,-3445,3155,3900
0,-2045,255,3900
0,-2445,255,3900
0,2055,-2645,3900
0,2355,-645,3900
0,-2345,1055,3900
0,1655,3155,3900
